step	recall
0	0.7457627118644068
