step	inference_time
0	0.030870914459228516
