alpha: 0.01
gamma: 5.0
lambda: 1e-05
learning_rate: 0.3029832348068474
max_depth: 9
min_child_weight: 1.5
n_estimators: 50
subsample: 0.95
htcv_best_score: 0.9259021651964716
