alpha: 0.01
gamma: 5.015570679709918
lambda: 0.45
learning_rate: 0.30974138534310663
max_depth: 9
min_child_weight: 6
n_estimators: 150
subsample: 0.95
htcv_best_score: 0.9329858326650629
